Sailors.A Sailors.B Sailors.C Reserves.G Reserves.H Boats.D Boats.E Boats.F 
0,7,58,0,3,3,8,16
0,7,58,0,3,3,22,44
0,7,58,0,3,3,23,69
0,7,58,0,3,3,25,12
0,7,58,0,3,3,37,2
0,7,58,0,3,3,39,34
0,7,58,0,3,3,55,3
0,7,58,0,8,8,16,88
0,7,58,0,8,8,17,4
0,7,58,0,8,8,18,95
0,7,58,0,8,8,33,30
0,7,58,0,8,8,51,20
0,7,58,0,8,8,65,35
0,7,58,0,8,8,94,6
0,7,58,0,43,43,19,7
0,7,58,0,43,43,27,2
0,7,58,0,43,43,52,69
0,7,58,0,43,43,74,6
0,7,58,0,43,43,100,77
0,7,58,0,52,52,9,92
0,7,58,0,52,52,13,97
0,7,58,0,52,52,19,95
0,7,58,0,52,52,37,12
0,7,58,0,52,52,40,100
0,7,58,0,52,52,51,24
0,7,58,0,52,52,79,81
0,7,58,0,52,52,93,1
0,7,58,0,52,52,96,41
0,7,58,0,58,58,2,87
0,7,58,0,58,58,19,28
0,7,58,0,58,58,30,14
0,7,58,0,58,58,38,47
0,7,58,0,58,58,45,31
0,7,58,0,58,58,57,58
0,7,58,0,58,58,68,54
0,7,58,0,58,58,91,59
0,7,58,0,58,58,92,31
0,7,58,0,63,63,17,58
0,7,58,0,63,63,19,40
0,7,58,0,63,63,22,98
0,7,58,0,63,63,74,100
0,7,58,0,63,63,90,83
0,7,58,0,63,63,91,54
0,7,58,0,63,63,91,88
0,7,58,0,63,63,99,82
0,7,58,0,63,63,100,87
0,7,58,0,64,64,3,44
0,7,58,0,64,64,9,42
0,7,58,0,64,64,10,34
0,7,58,0,64,64,17,55
0,7,58,0,64,64,22,91
0,7,58,0,64,64,33,34
0,7,58,0,64,64,42,46
0,7,58,0,64,64,45,69
0,7,58,0,64,64,54,36
0,7,58,0,64,64,62,1
0,7,58,0,64,64,66,40
0,7,58,0,64,64,75,28
0,7,58,0,64,64,78,100
0,7,58,0,64,64,89,53
0,7,58,0,64,64,93,46
0,7,58,0,69,69,1,3
0,7,58,0,69,69,38,91
0,7,58,0,69,69,49,87
0,7,58,0,69,69,50,33
0,7,58,0,69,69,59,76
0,7,58,0,69,69,65,20
0,7,58,0,69,69,70,62
0,7,58,0,69,69,78,43
0,7,58,0,69,69,88,27
0,7,58,0,69,69,88,34
0,7,58,0,69,69,99,92
0,7,58,0,86,86,19,4
0,7,58,0,86,86,22,24
0,7,58,0,86,86,31,5
0,7,58,0,86,86,60,8
0,7,58,0,86,86,65,18
0,7,58,0,86,86,69,17
0,7,58,0,86,86,69,30
0,7,58,0,86,86,73,12
0,7,58,0,86,86,80,93
0,7,58,0,87,87,0,65
0,7,58,0,87,87,11,32
0,7,58,0,87,87,18,68
0,7,58,0,87,87,50,76
0,7,58,0,87,87,57,53
0,7,58,0,87,87,63,56
0,7,58,0,87,87,70,100
0,7,58,0,87,87,93,23
0,7,58,0,89,89,3,44
0,7,58,0,89,89,20,35
0,7,58,0,89,89,23,31
0,7,58,0,89,89,61,18
0,7,58,0,89,89,65,74
0,7,58,0,89,89,68,1
0,7,58,0,89,89,72,82
0,7,58,0,89,89,74,10
0,7,58,0,89,89,3,44
0,7,58,0,89,89,20,35
0,7,58,0,89,89,23,31
0,7,58,0,89,89,61,18
0,7,58,0,89,89,65,74
0,7,58,0,89,89,68,1
0,7,58,0,89,89,72,82
0,7,58,0,89,89,74,10
0,9,95,0,89,89,3,44
0,9,95,0,89,89,20,35
0,9,95,0,89,89,23,31
0,9,95,0,89,89,61,18
0,9,95,0,89,89,65,74
0,9,95,0,89,89,68,1
0,9,95,0,89,89,72,82
0,9,95,0,89,89,74,10
0,9,95,0,89,89,3,44
0,9,95,0,89,89,20,35
0,9,95,0,89,89,23,31
0,9,95,0,89,89,61,18
0,9,95,0,89,89,65,74
0,9,95,0,89,89,68,1
0,9,95,0,89,89,72,82
0,9,95,0,89,89,74,10
0,21,77,0,89,89,3,44
0,21,77,0,89,89,20,35
0,21,77,0,89,89,23,31
0,21,77,0,89,89,61,18
0,21,77,0,89,89,65,74
0,21,77,0,89,89,68,1
0,21,77,0,89,89,72,82
0,21,77,0,89,89,74,10
0,21,77,0,89,89,3,44
0,21,77,0,89,89,20,35
0,21,77,0,89,89,23,31
0,21,77,0,89,89,61,18
0,21,77,0,89,89,65,74
0,21,77,0,89,89,68,1
0,21,77,0,89,89,72,82
0,21,77,0,89,89,74,10
0,43,11,0,89,89,3,44
0,43,11,0,89,89,20,35
0,43,11,0,89,89,23,31
0,43,11,0,89,89,61,18
0,43,11,0,89,89,65,74
0,43,11,0,89,89,68,1
0,43,11,0,89,89,72,82
0,43,11,0,89,89,74,10
0,43,11,0,89,89,3,44
0,43,11,0,89,89,20,35
0,43,11,0,89,89,23,31
0,43,11,0,89,89,61,18
0,43,11,0,89,89,65,74
0,43,11,0,89,89,68,1
0,43,11,0,89,89,72,82
0,43,11,0,89,89,74,10
0,68,73,0,89,89,3,44
0,68,73,0,89,89,20,35
0,68,73,0,89,89,23,31
0,68,73,0,89,89,61,18
0,68,73,0,89,89,65,74
0,68,73,0,89,89,68,1
0,68,73,0,89,89,72,82
0,68,73,0,89,89,74,10
0,68,73,0,89,89,3,44
0,68,73,0,89,89,20,35
0,68,73,0,89,89,23,31
0,68,73,0,89,89,61,18
0,68,73,0,89,89,65,74
0,68,73,0,89,89,68,1
0,68,73,0,89,89,72,82
0,68,73,0,89,89,74,10
0,74,12,0,89,89,3,44
0,74,12,0,89,89,20,35
0,74,12,0,89,89,23,31
0,74,12,0,89,89,61,18
0,74,12,0,89,89,65,74
0,74,12,0,89,89,68,1
0,74,12,0,89,89,72,82
0,74,12,0,89,89,74,10
0,74,12,0,89,89,3,44
0,74,12,0,89,89,20,35
0,74,12,0,89,89,23,31
0,74,12,0,89,89,61,18
0,74,12,0,89,89,65,74
0,74,12,0,89,89,68,1
0,74,12,0,89,89,72,82
0,74,12,0,89,89,74,10
0,87,97,0,89,89,3,44
0,87,97,0,89,89,20,35
0,87,97,0,89,89,23,31
0,87,97,0,89,89,61,18
0,87,97,0,89,89,65,74
0,87,97,0,89,89,68,1
0,87,97,0,89,89,72,82
0,87,97,0,89,89,74,10
0,87,97,0,89,89,3,44
0,87,97,0,89,89,20,35
0,87,97,0,89,89,23,31
0,87,97,0,89,89,61,18
0,87,97,0,89,89,65,74
0,87,97,0,89,89,68,1
0,87,97,0,89,89,72,82
0,87,97,0,89,89,74,10
1,16,52,1,95,95,0,25
1,16,52,1,95,95,0,40
1,16,52,1,95,95,1,20
1,16,52,1,95,95,8,19
1,16,52,1,95,95,13,48
1,16,52,1,95,95,21,45
1,16,52,1,95,95,54,55
1,16,52,1,95,95,64,32
1,16,52,1,95,95,65,84
1,16,52,1,95,95,97,44
1,33,9,1,95,95,0,25
1,33,9,1,95,95,0,40
1,33,9,1,95,95,1,20
1,33,9,1,95,95,8,19
1,33,9,1,95,95,13,48
1,33,9,1,95,95,21,45
1,33,9,1,95,95,54,55
1,33,9,1,95,95,64,32
1,33,9,1,95,95,65,84
1,33,9,1,95,95,97,44
1,34,18,1,95,95,0,25
1,34,18,1,95,95,0,40
1,34,18,1,95,95,1,20
1,34,18,1,95,95,8,19
1,34,18,1,95,95,13,48
1,34,18,1,95,95,21,45
1,34,18,1,95,95,54,55
1,34,18,1,95,95,64,32
1,34,18,1,95,95,65,84
1,34,18,1,95,95,97,44
1,47,69,1,95,95,0,25
1,47,69,1,95,95,0,40
1,47,69,1,95,95,1,20
1,47,69,1,95,95,8,19
1,47,69,1,95,95,13,48
1,47,69,1,95,95,21,45
1,47,69,1,95,95,54,55
1,47,69,1,95,95,64,32
1,47,69,1,95,95,65,84
1,47,69,1,95,95,97,44
1,86,67,1,95,95,0,25
1,86,67,1,95,95,0,40
1,86,67,1,95,95,1,20
1,86,67,1,95,95,8,19
1,86,67,1,95,95,13,48
1,86,67,1,95,95,21,45
1,86,67,1,95,95,54,55
1,86,67,1,95,95,64,32
1,86,67,1,95,95,65,84
1,86,67,1,95,95,97,44
1,100,60,1,95,95,0,25
1,100,60,1,95,95,0,40
1,100,60,1,95,95,1,20
1,100,60,1,95,95,8,19
1,100,60,1,95,95,13,48
1,100,60,1,95,95,21,45
1,100,60,1,95,95,54,55
1,100,60,1,95,95,64,32
1,100,60,1,95,95,65,84
1,100,60,1,95,95,97,44
2,1,2,2,99,99,21,7
2,1,2,2,99,99,22,83
2,1,2,2,99,99,66,58
2,1,2,2,99,99,67,97
2,1,2,2,99,99,79,81
2,1,2,2,99,99,86,15
2,1,2,2,99,99,96,77
2,7,63,2,99,99,21,7
2,7,63,2,99,99,22,83
2,7,63,2,99,99,66,58
2,7,63,2,99,99,67,97
2,7,63,2,99,99,79,81
2,7,63,2,99,99,86,15
2,7,63,2,99,99,96,77
2,9,73,2,99,99,21,7
2,9,73,2,99,99,22,83
2,9,73,2,99,99,66,58
2,9,73,2,99,99,67,97
2,9,73,2,99,99,79,81
2,9,73,2,99,99,86,15
2,9,73,2,99,99,96,77
2,20,40,2,99,99,21,7
2,20,40,2,99,99,22,83
2,20,40,2,99,99,66,58
2,20,40,2,99,99,67,97
2,20,40,2,99,99,79,81
2,20,40,2,99,99,86,15
2,20,40,2,99,99,96,77
2,28,67,2,99,99,21,7
2,28,67,2,99,99,22,83
2,28,67,2,99,99,66,58
2,28,67,2,99,99,67,97
2,28,67,2,99,99,79,81
2,28,67,2,99,99,86,15
2,28,67,2,99,99,96,77
2,34,18,2,99,99,21,7
2,34,18,2,99,99,22,83
2,34,18,2,99,99,66,58
2,34,18,2,99,99,67,97
2,34,18,2,99,99,79,81
2,34,18,2,99,99,86,15
2,34,18,2,99,99,96,77
2,42,56,2,99,99,21,7
2,42,56,2,99,99,22,83
2,42,56,2,99,99,66,58
2,42,56,2,99,99,67,97
2,42,56,2,99,99,79,81
2,42,56,2,99,99,86,15
2,42,56,2,99,99,96,77
2,43,23,2,99,99,21,7
2,43,23,2,99,99,22,83
2,43,23,2,99,99,66,58
2,43,23,2,99,99,67,97
2,43,23,2,99,99,79,81
2,43,23,2,99,99,86,15
2,43,23,2,99,99,96,77
2,55,78,2,99,99,21,7
2,55,78,2,99,99,22,83
2,55,78,2,99,99,66,58
2,55,78,2,99,99,67,97
2,55,78,2,99,99,79,81
2,55,78,2,99,99,86,15
2,55,78,2,99,99,96,77
2,57,3,2,99,99,21,7
2,57,3,2,99,99,22,83
2,57,3,2,99,99,66,58
2,57,3,2,99,99,67,97
2,57,3,2,99,99,79,81
2,57,3,2,99,99,86,15
2,57,3,2,99,99,96,77
2,58,32,2,99,99,21,7
2,58,32,2,99,99,22,83
2,58,32,2,99,99,66,58
2,58,32,2,99,99,67,97
2,58,32,2,99,99,79,81
2,58,32,2,99,99,86,15
2,58,32,2,99,99,96,77
26,0,45,26,100,100,6,13
26,0,45,26,100,100,26,85
26,0,45,26,100,100,30,63
26,0,45,26,100,100,53,12
26,0,45,26,100,100,55,6
26,0,45,26,100,100,61,0
26,0,45,26,100,100,61,21
26,0,45,26,100,100,72,68
26,0,45,26,100,100,81,34
26,0,45,26,100,100,83,89
26,0,45,26,100,100,90,87
26,0,45,26,100,100,96,96
26,0,45,26,100,100,97,49
26,11,85,26,100,100,6,13
26,11,85,26,100,100,26,85
26,11,85,26,100,100,30,63
26,11,85,26,100,100,53,12
26,11,85,26,100,100,55,6
26,11,85,26,100,100,61,0
26,11,85,26,100,100,61,21
26,11,85,26,100,100,72,68
26,11,85,26,100,100,81,34
26,11,85,26,100,100,83,89
26,11,85,26,100,100,90,87
26,11,85,26,100,100,96,96
26,11,85,26,100,100,97,49
26,34,82,26,100,100,6,13
26,34,82,26,100,100,26,85
26,34,82,26,100,100,30,63
26,34,82,26,100,100,53,12
26,34,82,26,100,100,55,6
26,34,82,26,100,100,61,0
26,34,82,26,100,100,61,21
26,34,82,26,100,100,72,68
26,34,82,26,100,100,81,34
26,34,82,26,100,100,83,89
26,34,82,26,100,100,90,87
26,34,82,26,100,100,96,96
26,34,82,26,100,100,97,49
26,41,25,26,100,100,6,13
26,41,25,26,100,100,26,85
26,41,25,26,100,100,30,63
26,41,25,26,100,100,53,12
26,41,25,26,100,100,55,6
26,41,25,26,100,100,61,0
26,41,25,26,100,100,61,21
26,41,25,26,100,100,72,68
26,41,25,26,100,100,81,34
26,41,25,26,100,100,83,89
26,41,25,26,100,100,90,87
26,41,25,26,100,100,96,96
26,41,25,26,100,100,97,49
26,46,43,26,100,100,6,13
26,46,43,26,100,100,26,85
26,46,43,26,100,100,30,63
26,46,43,26,100,100,53,12
26,46,43,26,100,100,55,6
26,46,43,26,100,100,61,0
26,46,43,26,100,100,61,21
26,46,43,26,100,100,72,68
26,46,43,26,100,100,81,34
26,46,43,26,100,100,83,89
26,46,43,26,100,100,90,87
26,46,43,26,100,100,96,96
26,46,43,26,100,100,97,49
26,48,49,26,100,100,6,13
26,48,49,26,100,100,26,85
26,48,49,26,100,100,30,63
26,48,49,26,100,100,53,12
26,48,49,26,100,100,55,6
26,48,49,26,100,100,61,0
26,48,49,26,100,100,61,21
26,48,49,26,100,100,72,68
26,48,49,26,100,100,81,34
26,48,49,26,100,100,83,89
26,48,49,26,100,100,90,87
26,48,49,26,100,100,96,96
26,48,49,26,100,100,97,49
26,71,29,26,100,100,6,13
26,71,29,26,100,100,26,85
26,71,29,26,100,100,30,63
26,71,29,26,100,100,53,12
26,71,29,26,100,100,55,6
26,71,29,26,100,100,61,0
26,71,29,26,100,100,61,21
26,71,29,26,100,100,72,68
26,71,29,26,100,100,81,34
26,71,29,26,100,100,83,89
26,71,29,26,100,100,90,87
26,71,29,26,100,100,96,96
26,71,29,26,100,100,97,49
26,78,69,26,100,100,6,13
26,78,69,26,100,100,26,85
26,78,69,26,100,100,30,63
26,78,69,26,100,100,53,12
26,78,69,26,100,100,55,6
26,78,69,26,100,100,61,0
26,78,69,26,100,100,61,21
26,78,69,26,100,100,72,68
26,78,69,26,100,100,81,34
26,78,69,26,100,100,83,89
26,78,69,26,100,100,90,87
26,78,69,26,100,100,96,96
26,78,69,26,100,100,97,49
26,94,21,26,100,100,6,13
26,94,21,26,100,100,26,85
26,94,21,26,100,100,30,63
26,94,21,26,100,100,53,12
26,94,21,26,100,100,55,6
26,94,21,26,100,100,61,0
26,94,21,26,100,100,61,21
26,94,21,26,100,100,72,68
26,94,21,26,100,100,81,34
26,94,21,26,100,100,83,89
26,94,21,26,100,100,90,87
26,94,21,26,100,100,96,96
26,94,21,26,100,100,97,49
29,8,98,29,100,100,6,13
29,8,98,29,100,100,26,85
29,8,98,29,100,100,30,63
29,8,98,29,100,100,53,12
29,8,98,29,100,100,55,6
29,8,98,29,100,100,61,0
29,8,98,29,100,100,61,21
29,8,98,29,100,100,72,68
29,8,98,29,100,100,81,34
29,8,98,29,100,100,83,89
29,8,98,29,100,100,90,87
29,8,98,29,100,100,96,96
29,8,98,29,100,100,97,49
29,9,53,29,100,100,6,13
29,9,53,29,100,100,26,85
29,9,53,29,100,100,30,63
29,9,53,29,100,100,53,12
29,9,53,29,100,100,55,6
29,9,53,29,100,100,61,0
29,9,53,29,100,100,61,21
29,9,53,29,100,100,72,68
29,9,53,29,100,100,81,34
29,9,53,29,100,100,83,89
29,9,53,29,100,100,90,87
29,9,53,29,100,100,96,96
29,9,53,29,100,100,97,49
29,13,40,29,100,100,6,13
29,13,40,29,100,100,26,85
29,13,40,29,100,100,30,63
29,13,40,29,100,100,53,12
29,13,40,29,100,100,55,6
29,13,40,29,100,100,61,0
29,13,40,29,100,100,61,21
29,13,40,29,100,100,72,68
29,13,40,29,100,100,81,34
29,13,40,29,100,100,83,89
29,13,40,29,100,100,90,87
29,13,40,29,100,100,96,96
29,13,40,29,100,100,97,49
29,24,61,29,100,100,6,13
29,24,61,29,100,100,26,85
29,24,61,29,100,100,30,63
29,24,61,29,100,100,53,12
29,24,61,29,100,100,55,6
29,24,61,29,100,100,61,0
29,24,61,29,100,100,61,21
29,24,61,29,100,100,72,68
29,24,61,29,100,100,81,34
29,24,61,29,100,100,83,89
29,24,61,29,100,100,90,87
29,24,61,29,100,100,96,96
29,24,61,29,100,100,97,49
29,49,5,29,100,100,6,13
29,49,5,29,100,100,26,85
29,49,5,29,100,100,30,63
29,49,5,29,100,100,53,12
29,49,5,29,100,100,55,6
29,49,5,29,100,100,61,0
29,49,5,29,100,100,61,21
29,49,5,29,100,100,72,68
29,49,5,29,100,100,81,34
29,49,5,29,100,100,83,89
29,49,5,29,100,100,90,87
29,49,5,29,100,100,96,96
29,49,5,29,100,100,97,49
29,85,26,29,100,100,6,13
29,85,26,29,100,100,26,85
29,85,26,29,100,100,30,63
29,85,26,29,100,100,53,12
29,85,26,29,100,100,55,6
29,85,26,29,100,100,61,0
29,85,26,29,100,100,61,21
29,85,26,29,100,100,72,68
29,85,26,29,100,100,81,34
29,85,26,29,100,100,83,89
29,85,26,29,100,100,90,87
29,85,26,29,100,100,96,96
29,85,26,29,100,100,97,49
29,86,15,29,100,100,6,13
29,86,15,29,100,100,26,85
29,86,15,29,100,100,30,63
29,86,15,29,100,100,53,12
29,86,15,29,100,100,55,6
29,86,15,29,100,100,61,0
29,86,15,29,100,100,61,21
29,86,15,29,100,100,72,68
29,86,15,29,100,100,81,34
29,86,15,29,100,100,83,89
29,86,15,29,100,100,90,87
29,86,15,29,100,100,96,96
29,86,15,29,100,100,97,49
29,99,88,29,100,100,6,13
29,99,88,29,100,100,26,85
29,99,88,29,100,100,30,63
29,99,88,29,100,100,53,12
29,99,88,29,100,100,55,6
29,99,88,29,100,100,61,0
29,99,88,29,100,100,61,21
29,99,88,29,100,100,72,68
29,99,88,29,100,100,81,34
29,99,88,29,100,100,83,89
29,99,88,29,100,100,90,87
29,99,88,29,100,100,96,96
29,99,88,29,100,100,97,49
44,15,8,44,100,100,6,13
44,15,8,44,100,100,26,85
44,15,8,44,100,100,30,63
44,15,8,44,100,100,53,12
44,15,8,44,100,100,55,6
44,15,8,44,100,100,61,0
44,15,8,44,100,100,61,21
44,15,8,44,100,100,72,68
44,15,8,44,100,100,81,34
44,15,8,44,100,100,83,89
44,15,8,44,100,100,90,87
44,15,8,44,100,100,96,96
44,15,8,44,100,100,97,49
44,18,84,44,100,100,6,13
44,18,84,44,100,100,26,85
44,18,84,44,100,100,30,63
44,18,84,44,100,100,53,12
44,18,84,44,100,100,55,6
44,18,84,44,100,100,61,0
44,18,84,44,100,100,61,21
44,18,84,44,100,100,72,68
44,18,84,44,100,100,81,34
44,18,84,44,100,100,83,89
44,18,84,44,100,100,90,87
44,18,84,44,100,100,96,96
44,18,84,44,100,100,97,49
44,23,48,44,100,100,6,13
44,23,48,44,100,100,26,85
44,23,48,44,100,100,30,63
44,23,48,44,100,100,53,12
44,23,48,44,100,100,55,6
44,23,48,44,100,100,61,0
44,23,48,44,100,100,61,21
44,23,48,44,100,100,72,68
44,23,48,44,100,100,81,34
44,23,48,44,100,100,83,89
44,23,48,44,100,100,90,87
44,23,48,44,100,100,96,96
44,23,48,44,100,100,97,49
44,25,27,44,100,100,6,13
44,25,27,44,100,100,26,85
44,25,27,44,100,100,30,63
44,25,27,44,100,100,53,12
44,25,27,44,100,100,55,6
44,25,27,44,100,100,61,0
44,25,27,44,100,100,61,21
44,25,27,44,100,100,72,68
44,25,27,44,100,100,81,34
44,25,27,44,100,100,83,89
44,25,27,44,100,100,90,87
44,25,27,44,100,100,96,96
44,25,27,44,100,100,97,49
44,26,49,44,100,100,6,13
44,26,49,44,100,100,26,85
44,26,49,44,100,100,30,63
44,26,49,44,100,100,53,12
44,26,49,44,100,100,55,6
44,26,49,44,100,100,61,0
44,26,49,44,100,100,61,21
44,26,49,44,100,100,72,68
44,26,49,44,100,100,81,34
44,26,49,44,100,100,83,89
44,26,49,44,100,100,90,87
44,26,49,44,100,100,96,96
44,26,49,44,100,100,97,49
44,35,68,44,100,100,6,13
44,35,68,44,100,100,26,85
44,35,68,44,100,100,30,63
44,35,68,44,100,100,53,12
44,35,68,44,100,100,55,6
44,35,68,44,100,100,61,0
44,35,68,44,100,100,61,21
44,35,68,44,100,100,72,68
44,35,68,44,100,100,81,34
44,35,68,44,100,100,83,89
44,35,68,44,100,100,90,87
44,35,68,44,100,100,96,96
44,35,68,44,100,100,97,49
44,36,97,44,100,100,6,13
44,36,97,44,100,100,26,85
44,36,97,44,100,100,30,63
44,36,97,44,100,100,53,12
44,36,97,44,100,100,55,6
44,36,97,44,100,100,61,0
44,36,97,44,100,100,61,21
44,36,97,44,100,100,72,68
44,36,97,44,100,100,81,34
44,36,97,44,100,100,83,89
44,36,97,44,100,100,90,87
44,36,97,44,100,100,96,96
44,36,97,44,100,100,97,49
44,54,47,44,100,100,6,13
44,54,47,44,100,100,26,85
44,54,47,44,100,100,30,63
44,54,47,44,100,100,53,12
44,54,47,44,100,100,55,6
44,54,47,44,100,100,61,0
44,54,47,44,100,100,61,21
44,54,47,44,100,100,72,68
44,54,47,44,100,100,81,34
44,54,47,44,100,100,83,89
44,54,47,44,100,100,90,87
44,54,47,44,100,100,96,96
44,54,47,44,100,100,97,49
44,59,10,44,100,100,6,13
44,59,10,44,100,100,26,85
44,59,10,44,100,100,30,63
44,59,10,44,100,100,53,12
44,59,10,44,100,100,55,6
44,59,10,44,100,100,61,0
44,59,10,44,100,100,61,21
44,59,10,44,100,100,72,68
44,59,10,44,100,100,81,34
44,59,10,44,100,100,83,89
44,59,10,44,100,100,90,87
44,59,10,44,100,100,96,96
44,59,10,44,100,100,97,49
44,67,67,44,100,100,6,13
44,67,67,44,100,100,26,85
44,67,67,44,100,100,30,63
44,67,67,44,100,100,53,12
44,67,67,44,100,100,55,6
44,67,67,44,100,100,61,0
44,67,67,44,100,100,61,21
44,67,67,44,100,100,72,68
44,67,67,44,100,100,81,34
44,67,67,44,100,100,83,89
44,67,67,44,100,100,90,87
44,67,67,44,100,100,96,96
44,67,67,44,100,100,97,49
44,83,92,44,100,100,6,13
44,83,92,44,100,100,26,85
44,83,92,44,100,100,30,63
44,83,92,44,100,100,53,12
44,83,92,44,100,100,55,6
44,83,92,44,100,100,61,0
44,83,92,44,100,100,61,21
44,83,92,44,100,100,72,68
44,83,92,44,100,100,81,34
44,83,92,44,100,100,83,89
44,83,92,44,100,100,90,87
44,83,92,44,100,100,96,96
44,83,92,44,100,100,97,49
44,95,43,44,100,100,6,13
44,95,43,44,100,100,26,85
44,95,43,44,100,100,30,63
44,95,43,44,100,100,53,12
44,95,43,44,100,100,55,6
44,95,43,44,100,100,61,0
44,95,43,44,100,100,61,21
44,95,43,44,100,100,72,68
44,95,43,44,100,100,81,34
44,95,43,44,100,100,83,89
44,95,43,44,100,100,90,87
44,95,43,44,100,100,96,96
44,95,43,44,100,100,97,49
44,96,54,44,100,100,6,13
44,96,54,44,100,100,26,85
44,96,54,44,100,100,30,63
44,96,54,44,100,100,53,12
44,96,54,44,100,100,55,6
44,96,54,44,100,100,61,0
44,96,54,44,100,100,61,21
44,96,54,44,100,100,72,68
44,96,54,44,100,100,81,34
44,96,54,44,100,100,83,89
44,96,54,44,100,100,90,87
44,96,54,44,100,100,96,96
44,96,54,44,100,100,97,49
56,3,72,56,100,100,6,13
56,3,72,56,100,100,26,85
56,3,72,56,100,100,30,63
56,3,72,56,100,100,53,12
56,3,72,56,100,100,55,6
56,3,72,56,100,100,61,0
56,3,72,56,100,100,61,21
56,3,72,56,100,100,72,68
56,3,72,56,100,100,81,34
56,3,72,56,100,100,83,89
56,3,72,56,100,100,90,87
56,3,72,56,100,100,96,96
56,3,72,56,100,100,97,49
56,4,8,56,100,100,6,13
56,4,8,56,100,100,26,85
56,4,8,56,100,100,30,63
56,4,8,56,100,100,53,12
56,4,8,56,100,100,55,6
56,4,8,56,100,100,61,0
56,4,8,56,100,100,61,21
56,4,8,56,100,100,72,68
56,4,8,56,100,100,81,34
56,4,8,56,100,100,83,89
56,4,8,56,100,100,90,87
56,4,8,56,100,100,96,96
56,4,8,56,100,100,97,49
56,19,41,56,100,100,6,13
56,19,41,56,100,100,26,85
56,19,41,56,100,100,30,63
56,19,41,56,100,100,53,12
56,19,41,56,100,100,55,6
56,19,41,56,100,100,61,0
56,19,41,56,100,100,61,21
56,19,41,56,100,100,72,68
56,19,41,56,100,100,81,34
56,19,41,56,100,100,83,89
56,19,41,56,100,100,90,87
56,19,41,56,100,100,96,96
56,19,41,56,100,100,97,49
56,24,69,56,100,100,6,13
56,24,69,56,100,100,26,85
56,24,69,56,100,100,30,63
56,24,69,56,100,100,53,12
56,24,69,56,100,100,55,6
56,24,69,56,100,100,61,0
56,24,69,56,100,100,61,21
56,24,69,56,100,100,72,68
56,24,69,56,100,100,81,34
56,24,69,56,100,100,83,89
56,24,69,56,100,100,90,87
56,24,69,56,100,100,96,96
56,24,69,56,100,100,97,49
56,38,78,56,100,100,6,13
56,38,78,56,100,100,26,85
56,38,78,56,100,100,30,63
56,38,78,56,100,100,53,12
56,38,78,56,100,100,55,6
56,38,78,56,100,100,61,0
56,38,78,56,100,100,61,21
56,38,78,56,100,100,72,68
56,38,78,56,100,100,81,34
56,38,78,56,100,100,83,89
56,38,78,56,100,100,90,87
56,38,78,56,100,100,96,96
56,38,78,56,100,100,97,49
56,41,54,56,100,100,6,13
56,41,54,56,100,100,26,85
56,41,54,56,100,100,30,63
56,41,54,56,100,100,53,12
56,41,54,56,100,100,55,6
56,41,54,56,100,100,61,0
56,41,54,56,100,100,61,21
56,41,54,56,100,100,72,68
56,41,54,56,100,100,81,34
56,41,54,56,100,100,83,89
56,41,54,56,100,100,90,87
56,41,54,56,100,100,96,96
56,41,54,56,100,100,97,49
56,68,41,56,100,100,6,13
56,68,41,56,100,100,26,85
56,68,41,56,100,100,30,63
56,68,41,56,100,100,53,12
56,68,41,56,100,100,55,6
56,68,41,56,100,100,61,0
56,68,41,56,100,100,61,21
56,68,41,56,100,100,72,68
56,68,41,56,100,100,81,34
56,68,41,56,100,100,83,89
56,68,41,56,100,100,90,87
56,68,41,56,100,100,96,96
56,68,41,56,100,100,97,49
56,77,30,56,100,100,6,13
56,77,30,56,100,100,26,85
56,77,30,56,100,100,30,63
56,77,30,56,100,100,53,12
56,77,30,56,100,100,55,6
56,77,30,56,100,100,61,0
56,77,30,56,100,100,61,21
56,77,30,56,100,100,72,68
56,77,30,56,100,100,81,34
56,77,30,56,100,100,83,89
56,77,30,56,100,100,90,87
56,77,30,56,100,100,96,96
56,77,30,56,100,100,97,49
56,80,31,56,100,100,6,13
56,80,31,56,100,100,26,85
56,80,31,56,100,100,30,63
56,80,31,56,100,100,53,12
56,80,31,56,100,100,55,6
56,80,31,56,100,100,61,0
56,80,31,56,100,100,61,21
56,80,31,56,100,100,72,68
56,80,31,56,100,100,81,34
56,80,31,56,100,100,83,89
56,80,31,56,100,100,90,87
56,80,31,56,100,100,96,96
56,80,31,56,100,100,97,49
73,22,36,73,100,100,6,13
73,22,36,73,100,100,26,85
73,22,36,73,100,100,30,63
73,22,36,73,100,100,53,12
73,22,36,73,100,100,55,6
73,22,36,73,100,100,61,0
73,22,36,73,100,100,61,21
73,22,36,73,100,100,72,68
73,22,36,73,100,100,81,34
73,22,36,73,100,100,83,89
73,22,36,73,100,100,90,87
73,22,36,73,100,100,96,96
73,22,36,73,100,100,97,49
73,40,68,73,100,100,6,13
73,40,68,73,100,100,26,85
73,40,68,73,100,100,30,63
73,40,68,73,100,100,53,12
73,40,68,73,100,100,55,6
73,40,68,73,100,100,61,0
73,40,68,73,100,100,61,21
73,40,68,73,100,100,72,68
73,40,68,73,100,100,81,34
73,40,68,73,100,100,83,89
73,40,68,73,100,100,90,87
73,40,68,73,100,100,96,96
73,40,68,73,100,100,97,49
73,47,16,73,100,100,6,13
73,47,16,73,100,100,26,85
73,47,16,73,100,100,30,63
73,47,16,73,100,100,53,12
73,47,16,73,100,100,55,6
73,47,16,73,100,100,61,0
73,47,16,73,100,100,61,21
73,47,16,73,100,100,72,68
73,47,16,73,100,100,81,34
73,47,16,73,100,100,83,89
73,47,16,73,100,100,90,87
73,47,16,73,100,100,96,96
73,47,16,73,100,100,97,49
73,62,30,73,100,100,6,13
73,62,30,73,100,100,26,85
73,62,30,73,100,100,30,63
73,62,30,73,100,100,53,12
73,62,30,73,100,100,55,6
73,62,30,73,100,100,61,0
73,62,30,73,100,100,61,21
73,62,30,73,100,100,72,68
73,62,30,73,100,100,81,34
73,62,30,73,100,100,83,89
73,62,30,73,100,100,90,87
73,62,30,73,100,100,96,96
73,62,30,73,100,100,97,49
73,72,43,73,100,100,6,13
73,72,43,73,100,100,26,85
73,72,43,73,100,100,30,63
73,72,43,73,100,100,53,12
73,72,43,73,100,100,55,6
73,72,43,73,100,100,61,0
73,72,43,73,100,100,61,21
73,72,43,73,100,100,72,68
73,72,43,73,100,100,81,34
73,72,43,73,100,100,83,89
73,72,43,73,100,100,90,87
73,72,43,73,100,100,96,96
73,72,43,73,100,100,97,49
73,76,57,73,100,100,6,13
73,76,57,73,100,100,26,85
73,76,57,73,100,100,30,63
73,76,57,73,100,100,53,12
73,76,57,73,100,100,55,6
73,76,57,73,100,100,61,0
73,76,57,73,100,100,61,21
73,76,57,73,100,100,72,68
73,76,57,73,100,100,81,34
73,76,57,73,100,100,83,89
73,76,57,73,100,100,90,87
73,76,57,73,100,100,96,96
73,76,57,73,100,100,97,49
