5,1,10
6,3,245
7,6,98
14,3,404
14,3,414
18,3,330
23,7,167
24,7,45
25,6,250
25,8,331
26,1,314
26,5,268
31,7,373
31,10,134
36,6,459
39,1,119
41,7,439
42,7,282
46,6,468
47,9,256
48,8,69
49,5,371
51,5,130
55,3,18
56,6,446
57,7,271
57,8,156
60,2,359
60,6,475
63,6,375
70,6,209
71,5,35
75,5,302
77,7,47
78,10,218
79,4,386
80,1,265
82,2,112
84,2,415
84,5,226
85,4,397
89,3,45
89,9,469
92,6,317
94,1,147
98,5,116
100,9,454
100,10,420
101,5,57
102,9,387
105,1,54
106,2,127
108,3,228
108,5,346
109,6,426
111,3,343
116,5,163
117,2,485
117,8,37
125,6,24
127,4,465
129,3,143
132,9,135
135,9,178
136,4,476
138,5,342
140,4,140
142,3,426
145,7,336
147,4,321
154,9,272
155,1,134
155,10,130
156,6,226
157,5,479
157,8,80
159,1,57
159,10,107
161,10,470
163,1,120
163,3,335
167,6,406
169,3,362
171,9,449
172,6,468
177,10,379
188,1,68
189,5,184
190,8,437
191,2,118
191,5,243
191,5,321
193,4,392
199,4,282
202,9,300
204,2,330
204,10,119
204,10,211
209,7,63
210,8,461
213,1,328
213,3,66
213,8,455
214,6,388
216,5,217
217,8,290
220,1,488
221,7,473
222,1,31
223,5,294
227,9,447
231,8,289
236,5,364
236,10,89
239,7,322
239,9,157
241,1,364
241,6,118
243,7,166
244,7,79
249,1,289
254,5,72
256,5,189
257,1,259
261,8,430
262,4,390
268,4,370
268,6,161
269,9,154
270,4,418
275,5,194
276,5,243
276,9,489
280,1,338
282,2,18
284,5,163
285,1,74
285,2,278
285,3,421
286,1,32
288,7,305
291,3,221
296,3,287
296,4,292
297,1,53
297,8,248
302,2,60
302,6,287
303,1,24
305,5,52
306,8,179
306,9,23
307,5,237
307,6,85
308,4,286
320,2,47
321,9,485
322,8,299
324,2,157
327,5,226
330,5,409
333,3,259
333,3,275
335,5,63
340,8,115
341,5,38
342,10,305
344,7,136
345,3,474
347,8,63
350,3,93
352,9,357
353,2,46
358,9,282
359,6,232
361,1,19
364,8,448
364,9,377
365,5,66
369,4,195
370,5,98
372,9,319
375,3,44
377,5,228
380,3,307
380,4,406
382,9,257
383,4,463
384,9,314
386,7,308
387,8,54
388,6,462
390,3,387
390,8,57
390,9,84
391,10,361
392,7,304
393,6,487
394,9,74
396,5,69
397,1,492
399,1,180
400,6,387
403,5,55
405,5,373
407,6,339
408,1,394
409,10,402
410,2,229
411,9,244
414,6,38
414,7,176
415,4,348
415,8,261
416,2,139
417,10,469
418,5,401
419,7,193
426,2,411
428,10,486
429,9,21
436,3,420
436,8,199
438,6,240
438,7,131
441,9,481
442,1,461
442,9,49
445,5,27
445,10,441
449,7,379
452,2,447
453,3,149
454,2,131
456,3,460
457,8,375
457,8,441
462,4,246
467,6,75
467,7,134
469,6,353
469,7,163
475,7,428
476,8,46
476,8,91
478,6,368
485,1,143
485,5,394
485,8,267
488,8,367
488,9,413
489,3,29
489,7,186
490,5,46
492,7,498
493,9,81
497,2,68
501,5,234
501,7,27
501,8,273
502,1,474
504,2,166
508,4,95
509,1,153
513,3,264
514,10,118
516,5,212
521,7,85
522,7,257
523,10,96
525,10,79
526,9,469
528,3,458
529,3,72
531,10,175
532,2,75
532,4,108
533,7,445
536,5,414
538,1,448
541,4,485
542,8,259
544,4,98
547,8,481
548,4,159
548,4,443
548,6,470
548,8,228
554,5,72
559,1,402
560,9,76
561,6,188
570,9,289
572,2,207
572,5,311
573,7,402
574,7,414
577,8,285
578,9,324
582,1,161
583,9,26
585,10,465
587,8,207
596,5,141
598,3,382
600,3,47
600,5,190
604,8,368
605,1,59
605,9,273
608,4,159
609,2,94
612,9,458
613,2,263
616,4,225
616,9,207
618,5,232
620,8,223
621,7,62
622,5,152
622,7,207
623,6,111
629,4,55
631,8,144
632,9,444
633,3,389
635,4,286
637,2,210
637,4,105
637,5,365
637,7,279
640,8,128
641,2,147
642,5,365
642,8,135
644,3,349
653,6,405
654,2,468
657,2,138
665,8,328
670,3,402
672,3,294
678,1,348
681,9,217
685,1,498
688,3,223
690,3,370
691,1,305
692,2,409
692,8,122
693,8,267
695,4,45
698,5,85
701,3,381
704,1,398
704,5,181
707,4,26
709,7,367
711,7,57
713,3,19
713,8,72
714,3,136
715,8,446
721,7,265
724,7,92
725,8,159
725,8,209
726,7,240
728,7,83
731,2,417
732,5,467
734,4,48
736,1,423
742,2,77
742,10,289
743,9,342
744,1,254
745,7,153
750,7,53
750,7,290
754,10,168
757,8,20
759,5,462
763,2,38
763,4,257
765,2,321
765,10,54
767,2,130
773,6,176
778,8,314
778,9,84
782,1,262
782,10,469
788,3,207
788,6,163
797,8,337
798,6,89
799,5,305
802,6,92
802,8,479
804,10,366
808,5,47
810,7,52
815,5,465
815,10,69
818,8,66
820,2,334
822,7,283
823,1,332
823,5,324
823,7,46
827,10,356
829,2,410
831,4,419
831,5,62
832,2,128
832,7,430
834,2,344
834,8,280
837,1,212
838,1,13
848,10,280
851,6,215
855,10,394
857,4,60
859,6,274
859,9,281
860,10,127
863,6,62
866,1,384
866,6,230
866,6,424
867,6,370
872,1,134
881,4,481
882,6,363
883,2,84
884,7,103
886,1,300
887,3,233
887,3,411
888,3,129
888,3,202
888,10,324
891,6,282
891,6,455
894,3,259
894,6,122
897,5,79
900,1,377
900,8,325
900,9,482
901,5,99
902,6,243
904,6,290
907,3,111
907,6,134
909,4,341
911,5,107
911,9,346
913,8,264
914,6,300
915,2,11
915,2,133
917,9,450
920,2,463
921,6,253
922,4,482
925,10,162
927,10,197
929,9,153
932,8,188
935,7,498
938,3,478
938,9,345
947,2,410
948,6,385
949,8,326
952,5,131
952,6,298
952,9,422
953,2,339
954,4,283
967,10,248
968,3,436
970,5,245
970,9,470
972,6,116
973,4,144
976,6,476
976,9,74
976,9,193
981,7,352
983,4,157
983,6,139
991,7,75
995,4,50
997,10,24
1000,5,468
1000,10,500
