50,10
50,22
50,80
51,73
53,64
55,88
56,54
57,82
58,13
58,68
58,70
58,75
59,24
59,26
59,45
59,71
59,74
60,15
60,91
60,97
62,11
62,14
62,97
62,100
63,82
64,14
64,65
64,91
64,95
65,19
65,52
65,66
65,75
65,81
66,57
67,52
67,100
68,73
68,99
69,14
69,49
70,83
71,17
71,41
71,87
72,34
72,79
72,86
72,86
73,49
73,60
73,68
73,69
73,72
74,12
76,15
76,97
77,11
77,94
78,88
79,34
79,61
79,96
80,35
80,45
81,43
82,84
83,25
83,26
84,44
84,63
84,92
85,16
85,37
85,73
85,85
86,60
86,82
87,20
87,33
87,97
88,39
88,42
88,49
89,39
89,43
89,43
89,88
90,10
90,57
90,75
90,87
91,11
91,35
91,73
92,40
92,60
92,62
93,57
93,67
94,53
95,50
96,83
97,47
97,60
97,77
99,11
99,69
99,72
100,17
100,34
100,68
100,77
100,82
102,22
102,98
103,29
103,95
103,98
104,39
104,52
105,41
105,47
106,70
107,20
107,42
108,29
108,34
108,50
108,53
109,12
109,98
110,48
110,68
110,71
110,74
111,21
111,42
111,65
111,66
111,84
112,25
112,25
113,75
114,17
114,86
114,95
115,11
118,18
118,47
118,83
118,88
119,17
119,50
119,57
119,70
120,89
121,62
121,66
122,35
122,51
122,76
122,85
123,34
124,11
125,37
125,42
125,43
125,80
126,33
126,43
126,59
126,91
127,45
129,86
130,39
131,28
131,58
133,25
133,52
133,95
133,99
134,54
134,83
135,80
137,23
138,49
138,54
138,55
138,87
139,22
139,24
139,34
139,53
139,66
140,20
140,21
140,22
140,50
140,62
140,63
140,64
140,84
140,98
141,49
141,54
144,10
144,71
145,61
145,68
145,80
146,38
146,57
146,63
146,95
146,100
148,29
149,13
149,28
149,65
149,76
149,85
150,13
150,48
150,79
151,17
151,39
151,68
152,21
152,67
153,22
153,63
155,55
156,40
156,40
157,22
157,74
158,95
159,49
160,69
160,75
160,96
161,15
161,98
162,40
163,10
163,28
163,91
164,38
165,39
165,61
165,65
165,74
165,95
166,47
166,65
167,16
167,17
167,83
168,73
168,100
169,14
169,41
169,50
170,34
171,20
171,54
171,93
172,69
172,78
173,73
173,74
174,22
175,29
177,20
177,33
177,46
177,46
177,57
177,85
178,44
178,47
178,94
179,20
179,21
179,63
180,41
180,56
180,99
182,38
183,74
183,92
184,51
186,33
186,78
187,63
188,44
188,60
189,40
189,62
189,95
190,18
190,46
190,53
190,76
190,78
190,93
191,73
192,48
192,65
192,97
193,13
194,51
194,79
195,74
196,14
196,31
196,83
197,74
197,98
198,14
198,26
198,34
199,20
199,47
200,88
200,96
201,56
201,73
202,29
202,47
202,77
203,29
203,64
203,75
204,27
205,90
205,100
206,23
206,46
206,69
206,83
208,28
208,40
208,54
209,34
209,51
210,19
210,24
211,25
211,73
212,60
212,78
213,11
213,28
213,90
214,50
214,83
214,89
215,49
217,15
217,32
217,77
218,33
218,36
218,85
219,16
219,21
219,65
219,69
219,76
220,99
221,79
221,83
222,14
222,68
222,93
222,93
224,59
224,99
225,26
226,25
226,98
227,13
227,74
228,20
229,16
229,24
229,55
230,11
230,30
230,76
230,99
231,25
231,56
231,77
231,96
232,46
232,46
232,50
232,64
233,14
233,67
233,91
234,18
234,24
234,34
234,80
234,86
235,48
235,76
235,91
236,23
236,26
236,65
237,11
237,14
237,38
237,84
238,52
238,62
238,70
238,92
239,14
239,16
239,30
239,77
239,86
240,45
240,62
242,82
243,24
243,50
243,54
244,58
245,14
247,66
248,49
249,95
250,44
251,85
252,21
252,43
253,85
255,51
255,65
255,66
255,100
256,56
257,18
257,24
257,32
257,84
258,78
259,25
259,85
260,57
261,12
261,21
261,51
262,16
262,50
262,59
263,33
264,86
265,46
266,43
266,58
266,93
267,23
267,23
268,71
269,25
269,53
270,14
270,21
270,60
271,15
271,37
271,48
271,67
271,97
272,45
272,77
273,63
274,87
274,91
275,52
275,80
277,23
277,41
277,47
278,15
278,24
278,47
279,44
280,28
280,38
280,42
280,75
280,89
281,59
283,20
283,67
283,91
283,97
285,31
285,87
286,21
286,25
286,78
286,82
287,82
288,73
289,12
289,19
289,86
291,27
291,43
291,55
291,97
292,59
292,93
293,10
293,12
293,69
294,13
295,98
296,39
296,46
296,95
297,42
297,47
298,68
299,19
299,70
300,26
300,27
302,11
303,69
304,12
304,27
304,33
304,49
305,65
305,85
305,86
306,30
306,80
307,45
307,47
307,49
307,58
308,67
309,37
310,58
310,61
310,65
310,76
311,43
313,46
313,70
313,83
314,26
315,27
315,85
315,86
315,89
316,35
316,37
316,54
316,66
316,93
317,21
317,55
317,63
318,74
319,10
320,20
320,56
321,26
321,28
321,28
321,34
322,96
323,30
323,58
325,15
325,23
326,29
326,76
326,88
326,90
327,20
327,71
328,18
328,64
329,42
329,56
329,57
329,93
331,31
332,22
332,65
332,83
332,90
333,21
333,43
333,75
334,23
334,62
335,73
336,24
336,44
337,27
337,60
338,83
338,95
339,17
340,77
340,100
341,66
342,27
343,74
343,83
343,89
344,19
344,89
345,67
345,79
345,93
347,45
347,52
347,54
347,87
348,10
348,36
348,52
348,57
348,75
348,81
348,99
349,38
350,28
350,49
351,31
351,67
351,85
352,54
353,13
353,100
354,53
355,61
355,67
355,69
355,71
356,56
357,60
358,62
358,77
359,15
359,55
360,59
360,62
360,72
361,17
361,44
361,95
362,25
362,59
362,60
362,65
362,97
363,15
363,46
363,62
363,66
363,85
364,37
366,12
366,20
366,41
367,27
367,61
367,61
367,62
368,67
368,82
368,85
369,87
370,57
371,23
371,67
372,80
372,87
372,98
375,30
375,44
375,66
376,19
377,28
378,92
378,94
378,97
379,56
379,56
379,100
380,27
380,33
380,45
380,51
380,76
381,22
383,18
384,21
384,21
384,31
385,30
385,31
385,39
385,53
385,64
385,89
386,52
386,96
387,57
387,83
388,11
389,14
389,15
390,24
390,44
390,79
390,87
391,17
391,22
391,32
392,23
392,50
392,96
393,47
394,42
394,44
394,50
394,56
394,92
395,71
396,20
396,27
396,83
397,29
397,86
398,24
398,59
398,59
398,71
398,74
398,85
400,78
401,66
401,98
403,43
403,84
403,99
404,41
404,47
405,40
405,49
405,62
405,65
405,72
405,86
406,57
406,59
407,10
407,15
407,37
408,40
408,72
409,42
409,100
410,84
412,11
412,19
412,56
412,57
412,69
412,79
412,81
413,20
413,39
413,72
413,88
414,36
414,65
415,40
415,58
415,69
415,75
416,21
416,31
416,43
416,63
417,67
418,22
418,35
418,73
418,92
419,20
419,29
419,45
419,65
420,34
420,40
421,35
421,40
421,55
421,71
422,25
422,31
422,80
423,43
423,56
425,72
427,21
427,90
428,27
429,30
429,60
429,72
429,83
430,61
430,65
431,21
431,21
431,22
431,52
431,76
431,86
432,13
432,76
432,85
433,90
434,85
435,23
435,32
435,45
435,52
436,16
436,49
436,77
437,36
437,70
437,93
438,83
439,31
439,53
439,58
441,17
441,24
441,60
441,67
441,89
442,19
442,36
442,84
442,90
443,10
443,33
443,42
443,77
443,84
444,14
445,16
445,52
445,80
446,54
446,77
446,86
447,12
447,59
447,80
447,87
448,91
450,61
450,90
451,40
451,52
451,94
452,10
452,41
453,16
453,17
453,43
453,47
453,79
453,89
454,29
454,37
454,68
455,13
455,32
455,46
455,56
455,96
456,77
456,98
458,15
458,32
458,42
458,55
458,62
458,92
459,24
459,48
460,47
460,80
460,95
461,31
462,92
463,40
463,66
463,77
464,13
464,49
464,65
464,75
467,17
467,44
467,63
468,34
469,77
470,66
470,85
471,21
471,75
471,88
472,16
472,99
473,20
473,34
474,83
474,84
474,87
475,30
475,68
476,67
476,72
477,43
477,48
479,26
479,33
479,62
479,86
480,35
481,73
482,13
482,64
482,71
482,91
483,42
484,80
485,40
485,52
486,73
486,82
486,90
487,11
488,13
488,35
488,38
489,67
489,92
490,36
490,39
490,89
490,96
491,42
491,58
492,24
492,55
493,52
493,94
494,37
495,27
495,33
495,90
495,95
496,23
496,74
496,97
497,49
497,82
498,45
498,60
498,77
498,79
498,90
500,67
500,100
