0,2,3
0,29,80
0,34,29
0,37,47
0,40,22
0,57,89
0,113,62
0,128,47
0,156,9
0,170,81
0,176,65
1,4,74
1,10,12
1,35,30
1,41,19
1,79,49
1,91,56
1,99,49
1,162,76
2,22,31
2,23,51
2,55,94
2,82,68
2,88,46
2,133,87
2,179,69
2,184,32
3,10,31
3,21,47
3,72,5
3,82,17
3,107,96
3,115,48
3,126,92
3,143,69
3,166,94
4,2,67
4,19,76
4,29,98
4,53,90
4,88,66
4,89,27
4,95,8
4,120,22
4,125,9
4,156,21
5,37,40
5,45,30
5,50,47
5,60,44
5,61,91
5,131,61
5,141,89
5,183,71
6,6,42
6,8,45
6,13,51
6,22,48
6,31,21
6,109,66
6,115,76
6,119,100
6,135,73
6,156,97
6,169,29
7,112,59
7,139,33
7,151,6
7,155,19
7,169,98
7,181,6
8,53,53
8,61,97
8,147,65
8,149,12
8,167,73
9,4,96
9,14,15
9,30,51
9,51,5
9,86,31
9,99,54
9,136,53
9,171,7
9,171,25
9,171,64
9,191,75
10,95,79
10,122,64
10,124,65
10,126,80
10,129,68
10,155,64
10,168,42
10,180,66
10,185,84
11,16,86
11,24,75
11,35,49
11,43,78
11,109,17
11,161,14
11,171,4
11,185,94
11,199,34
12,24,35
12,45,19
12,51,72
12,96,87
12,100,30
12,115,83
12,142,3
12,151,22
12,155,23
12,166,73
12,171,36
12,178,32
12,184,85
12,194,55
12,195,11
13,2,96
13,18,51
13,20,49
13,92,55
13,100,92
13,114,21
13,130,39
13,159,67
13,164,67
14,17,19
14,42,92
14,82,23
14,129,58
14,145,14
14,176,59
15,18,12
15,58,57
15,68,59
15,77,45
15,79,57
15,99,51
15,128,30
15,128,31
15,128,86
15,151,81
15,187,47
15,193,13
16,11,33
16,37,69
16,37,83
16,47,44
16,72,33
16,99,18
16,106,31
16,122,7
16,133,42
16,150,80
17,37,29
17,105,59
17,109,21
17,121,71
17,166,11
17,183,83
17,188,79
17,195,73
17,195,82
18,100,48
18,101,6
18,102,32
18,106,53
18,109,41
18,139,88
18,157,89
18,162,36
18,183,18
19,50,75
19,56,25
19,62,61
19,78,85
19,82,95
19,84,23
19,136,41
19,137,82
19,139,23
19,158,62
20,17,44
20,19,75
20,52,20
20,177,94
20,183,65
21,12,74
21,21,31
21,30,78
21,107,35
21,124,93
21,148,78
21,163,100
21,170,26
21,183,49
22,36,8
22,47,8
22,65,41
22,70,95
22,75,29
22,77,67
22,96,78
22,100,61
22,108,15
22,120,42
22,126,34
22,169,48
22,172,61
22,198,38
23,3,6
23,11,44
23,19,15
23,36,37
23,44,18
23,51,51
23,106,23
23,115,39
23,115,99
23,155,35
23,168,29
23,195,76
23,196,74
24,26,65
24,45,21
24,47,5
24,66,56
24,68,51
24,70,82
24,83,86
24,142,34
24,144,14
24,173,60
25,4,88
25,53,5
25,75,3
25,77,82
25,139,92
25,182,54
25,183,16
26,30,51
26,51,83
26,64,15
26,86,21
26,127,77
26,128,28
26,130,25
26,152,15
26,159,61
26,178,87
26,181,71
26,185,99
27,11,85
27,13,29
27,56,28
27,100,93
27,107,14
27,122,7
27,136,38
27,173,71
27,190,9
28,50,23
28,56,85
28,85,92
28,122,60
28,139,31
28,154,56
28,156,70
28,161,63
28,178,78
29,15,31
29,42,38
29,44,13
29,67,14
29,104,28
29,135,53
29,142,64
29,146,53
29,151,74
29,173,33
29,182,11
30,10,40
30,77,6
30,108,79
30,129,46
30,168,12
30,170,73
30,198,42
30,200,50
31,4,13
31,29,99
31,58,65
31,117,25
31,126,36
31,127,83
31,129,35
31,131,65
31,149,59
31,151,46
31,173,34
32,27,56
32,57,92
32,67,24
32,70,29
32,84,92
32,110,43
32,129,94
32,135,56
32,160,19
32,168,63
32,175,39
32,179,97
33,9,42
33,10,45
33,23,75
33,24,69
33,54,69
33,70,6
33,108,24
33,178,83
33,184,75
34,11,50
34,21,85
34,52,20
34,65,92
34,78,71
34,89,23
34,147,87
34,158,11
34,172,89
34,179,55
35,18,60
35,49,54
35,90,99
35,108,20
35,109,97
35,121,76
35,139,95
35,179,36
35,182,41
36,18,49
36,27,35
36,55,96
36,57,32
36,73,21
36,105,19
36,106,78
36,130,75
36,136,7
36,181,16
37,81,33
37,87,78
37,140,73
37,146,51
37,164,3
37,188,97
37,190,22
37,196,45
37,196,58
38,7,9
38,34,35
38,58,18
38,111,77
38,143,42
38,176,43
38,182,6
38,184,59
38,199,18
39,53,35
39,70,7
39,71,50
39,79,11
39,133,57
39,153,55
39,155,15
39,180,25
40,51,12
40,51,64
40,52,43
40,68,23
40,71,94
40,141,12
40,158,74
40,163,21
41,68,26
41,87,95
41,95,42
41,96,36
41,103,56
41,107,90
41,110,98
41,157,18
42,81,14
42,81,94
42,82,52
42,83,70
42,86,11
42,88,83
42,96,58
42,116,86
42,174,14
43,29,3
43,31,32
43,55,60
43,55,87
43,88,36
43,90,61
43,110,79
43,146,42
43,190,32
44,2,66
44,24,28
44,127,6
44,148,43
44,150,52
44,167,26
44,180,55
44,197,8
45,35,56
45,70,43
45,89,81
45,107,92
45,140,39
45,166,96
45,183,52
45,183,70
46,8,7
46,28,55
46,53,14
46,68,84
46,91,85
46,102,7
46,107,28
46,112,47
46,141,9
46,160,22
46,169,73
46,170,7
46,188,41
46,199,40
47,60,85
47,77,74
47,108,86
47,179,73
47,188,66
48,5,98
48,44,76
48,78,49
48,97,3
48,104,5
48,121,55
48,146,51
48,170,94
48,178,20
48,200,18
49,10,3
49,21,53
49,24,66
49,28,72
49,59,4
49,66,65
49,79,80
49,175,33
50,29,65
50,39,21
50,39,80
50,41,31
50,50,40
50,72,55
50,76,27
50,89,32
50,95,10
50,118,55
51,54,57
51,64,84
51,65,54
51,75,62
51,115,24
51,128,10
51,154,55
51,166,87
52,52,77
52,58,62
52,145,15
52,176,83
53,50,18
53,80,42
53,83,20
53,96,77
53,100,93
53,112,20
53,145,37
53,146,18
53,160,16
53,170,5
53,170,94
53,182,30
53,197,69
53,199,31
54,17,76
54,43,97
54,69,94
54,95,75
54,108,43
54,121,37
54,137,14
54,139,37
54,195,57
55,13,24
55,18,79
55,46,11
55,72,20
55,83,65
55,95,97
55,103,31
55,118,3
55,162,97
55,185,40
56,10,50
56,35,45
56,36,73
56,51,75
56,92,51
56,108,21
56,115,29
56,137,6
56,144,20
56,151,62
57,12,69
57,14,74
57,28,98
57,155,26
57,176,50
58,43,25
58,52,12
58,54,70
58,63,6
58,65,65
58,76,55
58,79,59
58,108,52
58,113,22
58,115,32
58,135,77
58,175,17
58,185,87
58,186,64
58,200,35
59,15,53
59,20,67
59,32,35
59,34,17
59,59,21
59,67,16
59,110,42
59,152,97
59,164,96
59,184,15
59,197,34
60,41,91
60,75,93
60,80,50
60,81,30
60,105,75
60,119,72
60,134,58
60,158,92
60,170,74
61,7,72
61,21,77
61,50,49
61,57,37
61,70,28
61,87,25
61,94,58
61,117,82
61,127,63
61,128,46
61,136,69
61,189,33
61,192,69
62,3,9
62,5,14
62,11,73
62,30,27
62,43,10
62,43,75
62,60,13
62,63,58
62,92,16
62,107,61
62,113,54
62,121,16
62,127,66
62,179,15
62,195,22
62,197,95
63,4,22
63,5,35
63,39,84
63,49,73
63,82,79
63,113,46
63,118,94
63,122,70
63,140,65
63,166,8
64,29,59
64,71,5
64,107,8
64,124,52
64,137,99
64,153,49
64,173,14
65,44,30
65,52,100
65,101,54
65,103,42
65,134,81
65,144,94
65,172,17
65,186,63
65,187,99
65,189,53
65,194,91
66,2,11
66,8,9
66,55,7
66,73,48
66,96,54
66,101,8
66,171,11
66,185,20
67,18,48
67,30,68
67,51,20
67,70,40
67,90,75
67,101,65
67,151,11
67,151,11
67,168,20
67,197,44
68,24,45
68,52,44
68,62,8
68,71,79
68,113,7
68,138,18
68,150,38
68,165,76
68,171,22
68,187,76
69,54,89
69,82,90
69,112,23
69,131,5
69,137,67
69,139,66
69,146,19
69,158,57
69,177,60
69,178,84
69,180,22
69,182,13
69,189,69
70,43,32
70,47,98
70,59,80
70,66,74
70,74,91
70,88,22
70,93,62
70,103,54
70,112,17
70,177,17
70,193,54
71,71,60
71,77,29
71,79,23
71,120,98
71,130,47
71,134,12
71,136,69
71,160,7
71,181,37
72,3,45
72,11,45
72,41,32
72,52,8
72,52,100
72,70,5
72,121,24
72,123,5
72,127,84
72,129,98
72,141,4
72,149,66
72,191,83
73,51,21
73,51,41
73,74,58
73,82,58
73,84,45
73,120,88
73,142,16
73,151,46
74,23,17
74,36,54
74,75,11
74,109,12
74,143,26
74,182,18
74,197,13
75,9,29
75,22,85
75,23,48
75,31,17
75,64,99
75,98,10
75,103,79
75,106,72
75,126,92
75,140,92
75,167,34
75,181,5
75,183,18
76,6,27
76,21,35
76,26,66
76,40,6
76,42,5
76,66,79
76,86,46
76,94,89
76,96,22
76,111,72
76,112,68
76,126,99
76,155,16
76,157,28
76,157,57
76,168,11
76,170,45
76,174,59
76,177,45
76,181,88
77,43,16
77,53,86
77,54,41
77,57,99
77,99,97
77,116,74
77,121,42
77,134,11
77,193,31
78,52,8
78,117,6
78,139,40
78,143,82
78,148,11
78,178,99
78,186,54
79,8,100
79,43,87
79,46,95
79,59,89
79,78,76
79,97,60
79,119,28
79,171,82
79,196,56
80,27,51
80,58,17
80,82,66
80,85,12
80,92,73
80,103,18
80,118,30
80,155,88
80,158,79
80,159,47
81,2,43
81,25,53
81,42,64
81,49,8
81,86,9
81,131,51
81,188,57
81,195,8
82,5,87
82,55,4
82,57,43
82,61,5
82,80,25
82,81,83
82,96,33
82,103,33
82,120,73
82,121,63
82,138,58
82,144,73
82,148,32
82,163,15
82,181,46
83,10,23
83,32,22
83,49,62
83,55,35
83,80,48
83,111,74
83,120,79
83,125,42
83,142,98
83,164,95
83,172,72
83,193,64
83,197,15
84,3,86
84,13,29
84,14,63
84,30,66
84,44,28
84,47,27
84,88,61
84,111,67
84,153,50
84,181,10
85,25,57
85,71,19
85,94,75
85,115,23
85,116,22
85,148,54
85,153,59
85,157,70
85,165,47
85,185,80
86,45,55
86,54,43
86,60,37
86,97,46
86,121,25
86,121,40
86,135,83
86,151,11
86,151,73
86,169,51
87,19,20
87,28,28
87,43,25
87,55,100
87,59,58
87,76,88
87,106,57
87,120,89
87,130,5
87,136,6
87,152,7
87,168,65
88,32,32
88,49,8
88,56,88
88,66,8
88,66,45
88,89,49
88,93,81
88,121,88
88,146,15
88,153,69
88,172,47
88,185,50
88,191,58
88,199,15
89,24,95
89,60,85
89,66,9
89,89,71
89,97,49
89,134,59
90,23,4
90,38,63
90,41,74
90,61,71
90,62,81
90,78,19
90,87,25
90,113,35
90,119,8
90,119,100
90,155,70
90,173,82
90,174,28
90,176,22
90,180,19
91,18,82
91,77,14
91,77,46
91,105,42
91,109,98
91,126,7
91,139,60
91,141,49
91,198,87
92,2,96
92,9,35
92,66,79
92,73,42
92,90,38
92,135,39
92,153,91
92,171,62
93,24,75
93,31,56
93,44,30
93,53,33
93,74,85
93,89,57
93,94,11
93,100,3
93,109,85
93,114,89
93,135,54
93,139,58
93,156,43
93,161,78
93,168,41
93,178,70
93,178,89
93,192,86
93,199,41
94,63,68
94,130,84
94,140,3
94,160,96
94,181,69
94,183,78
94,190,48
94,195,52
95,21,49
95,27,66
95,47,100
95,98,20
95,109,89
95,141,39
95,168,68
95,178,72
95,181,50
96,58,27
96,60,35
96,63,71
96,91,80
96,128,66
96,165,90
96,170,11
96,172,14
96,179,24
96,197,48
97,9,67
97,23,81
97,52,90
97,54,38
97,68,64
97,73,93
97,86,30
97,160,56
97,184,30
98,33,58
98,69,11
98,82,18
98,94,62
98,126,44
98,145,98
98,185,14
98,189,27
99,16,64
99,29,14
99,29,16
99,31,80
99,49,57
99,101,27
99,114,80
99,135,39
99,145,54
99,162,100
99,169,70
99,190,89
100,14,47
100,87,100
100,113,55
100,116,82
100,121,21
100,146,87
100,149,16
100,155,26
100,187,10
100,200,100
